16 14 0 0
18 12 0 0
19 12 0 0
16 14 0 0
16 14 0 0
17 14 0 0
17 15 0 0
17 17 0 0
18 14 0 0
20 13 0 0
18 15 0 0
20 11 1 1
20 12 1 1
20 13 1 1
21 14 1 1
20 15 1 1
20 16 1 1
22 17 1 1
23 17 1 1
25 16 0 1
30 15 0 2
34 17 0 2
34 17 0 2
33 18 0 2
38 15 0 3
44 13 0 3
47 14 0 3
47 15 0 3
44 14 2 3
43 16 2 4
51 18 2 4
53 18 2 4
58 19 2 4
65 19 2 4
72 18 5 5
87 19 5 5
99 22 5 5
116 21 5 5
137 19 5 5
130 19 5 6
110 19 5 6
108 22 5 6
107 18 5 6
100 18 5 6
92 17 5 6
85 15 2 6
83 16 3 6
81 15 3 6
76 21 7 7
74 20 7 7
70 21 7 7
63 17 7 7
69 15 4 7
68 17 3 7
68 18 4 7
72 15 4 8
78 19 5 8
73 20 5 8
83 15 5 8
86 15 5 8
95 16 5 8
103 15 4 9
98 15 4 9
103 14 4 9
98 14 4 8
93 16 5 8
85 22 5 8
74 25 5 8
67 25 4 8
60 21 4 8
61 19 4 8
63 17 4 8
57 15 4 8
64 18 4 8
67 23 4 8
69 21 4 9
65 21 4 9
61 22 7 9
58 22 7 9
63 23 7 9
71 26 7 9
71 26 7 9
68 24 7 9
65 24 5 10
67 24 5 10
67 25 5 10
66 23 4 10
67 24 4 10
72 23 4 10
72 22 4 10
71 23 4 10
67 22 4 11
67 21 4 11
61 21 4 11
65 26 3 11
66 24 3 11
63 22 3 11
60 20 3 11
66 17 10 11
71 17 10 11
73 21 10 11
66 21 10 11
65 18 3 11
62 18 3 11
60 19 3 11
61 19 3 11
62 20 9 11
64 21 9 12
66 19 9 12
71 19 4 12
76 19 4 12
79 23 4 12
89 21 4 13
97 19 4 13
95 19 6 13
93 18 6 13
87 20 6 13
85 19 10 13
79 22 10 13
76 23 10 14
70 24 10 14
65 21 9 14
59 23 9 14
64 23 12 15
65 25 12 15
52 27 12 15
52 29 9 15
53 31 9 15
50 34 6 15
45 31 6 14
49 29 6 14
51 30 6 14
68 28 6 15
69 26 13 15
65 22 14 15
61 21 13 15
54 22 13 15
59 18 6 15
60 16 6 15
60 22 14 16
60 18 14 16
62 20 6 16
61 21 13 16
55 19 6 16
62 16 6 16
63 16 6 16
55 18 6 16
60 20 6 16
50 22 14 16
53 19 11 16
60 21 11 17
56 19 11 17
61 19 11 17
66 21 17 17
66 18 17 17
79 18 11 17
77 20 11 17
68 19 5 17
69 16 5 18
66 19 6 18
68 23 9 18
63 25 12 18
65 25 12 18
64 24 12 19
54 23 6 19
60 21 6 19
66 23 17 19
64 25 17 19
61 23 6 19
59 23 6 19
55 20 2 19
70 19 2 20
78 15 2 20
76 16 2 20
75 17 10 20
59 23 13 20
40 27 13 20
37 26 10 20
39 25 10 18
46 21 10 18
47 20 2 18
44 17 2 18
46 18 3 18
48 21 3 19
44 18 3 19
47 19 3 19
54 20 3 19
49 18 3 19
48 15 3 19
43 17 3 19
41 15 20 19
48 13 20 19
51 9 4 19
56 6 4 19
59 6 4 20
51 6 4 20
59 8 4 20
53 8 2 20
52 11 2 20
46 9 2 21
39 9 2 21
43 10 2 21
44 10 2 21
53 12 2 21
56 10 2 22
55 6 2 22
60 5 1 22
66 8 1 22
62 5 1 22
68 5 1 22
63 4 1 22
53 5 2 22
47 7 2 22
49 8 2 22
53 8 2 22
55 6 2 21
54 6 2 21
53 8 22 22
53 7 22 22
59 8 22 22
63 9 22 22
59 10 12 22
56 8 12 22
63 7 23 23
65 4 23 23
57 5 13 23
51 4 13 23
50 6 13 17
50 6 13 17
51 4 13 17
56 4 13 17
58 4 13 17
57 3 4 17
52 6 4 17
57 6 4 18
55 5 3 18
54 2 0 18
53 4 0 18
52 5 0 18
49 5 0 18
57 1 0 18
56 2 5 19
60 1 0 19
58 0 0 19
58 0 0 19
52 0 0 19
57 1 0 19
61 2 0 19
58 3 0 19
59 4 0 19
55 5 0 20
60 3 0 20
58 2 0 20
56 3 0 20
48 1 0 21
48 3 0 21
46 2 0 21
44 3 4 21
50 1 0 21
49 3 0 21
53 3 3 22
61 2 3 21
61 2 3 21
52 2 0 21
42 3 0 21
46 1 0 21
45 3 0 21
49 3 0 22
59 1 0 22
57 2 0 22
56 1 0 22
53 2 0 22
53 2 0 22
50 2 6 22
51 2 6 22
49 3 6 22
44 2 6 23
45 0 0 23
51 2 0 23
52 2 0 23
53 1 0 23
54 2 0 23
60 3 0 23
58 4 11 23
65 4 11 24
61 3 11 24
57 3 11 24
55 1 0 24
44 2 0 24
50 1 0 24
47 2 0 25
52 2 6 25
52 2 6 25
47 2 6 24
50 3 6 24
51 2 4 24
55 2 0 25
55 2 0 25
53 2 0 25
55 1 0 25
50 2 0 25
49 1 0 26
49 2 0 26
51 2 0 26
51 4 0 26
48 2 0 26
56 1 27 27
61 1 27 27
64 2 0 27
60 4 0 27
57 2 0 27
58 2 0 28
53 0 0 28
50 2 9 28
55 2 9 28
50 3 9 28
58 3 28 28
60 3 28 28
53 4 28 28
57 3 0 28
55 2 0 28
63 2 0 29
56 4 0 28
48 4 0 28
50 5 0 28
50 2 0 28
51 1 0 12
56 2 0 12
59 3 0 12
63 3 0 12
53 4 0 13
54 6 1 13
51 4 1 13
53 2 1 13
52 2 2 13
40 3 2 14
44 3 2 14
43 3 2 14
48 4 2 13
44 3 0 14
43 4 0 14
45 3 0 14
48 5 12 14
50 5 14 14
56 6 14 14
62 6 12 14
53 7 12 14
52 7 12 14
49 4 12 14
57 4 12 15
59 3 12 15
52 6 12 15
44 5 12 15
